make run_pthreads //W/o mutex lock
make run_serial
make run_pthreads //W/mutex lock

2, 7, 14, 53, 219, 962, 13668, 20461, 6055, 3224, 2700, 2298, 2434, 2410, 2634, 2911, 3139, 3500, 4246, 4906, 5675, 6198, 5881, 6329, 7878, 8286, 9142, 9659,
2, 7, 14, 53, 219, 962, 13668, 20461, 6055, 3224, 2700, 2298, 2434, 2410, 2634, 2911, 3139, 3500, 4246, 4906, 5675, 6198, 5881, 6329, 7878, 8286, 9142, 9659,
2, 7, 14, 53, 219, 962, 13668, 20461, 6055, 3224, 2700, 2298, 2434, 2410, 2634, 2911, 3139, 3500, 4246, 4906, 5675, 6198, 5881, 6329, 7878, 8286, 9142, 9659,
8220, 6889, 5146, 3962, 3029, 2910, 2975, 2793, 2544, 2429, 2288, 2176, 2011, 2144, 2035, 1979, 1988, 2124, 2066, 2200, 2201, 2271, 2220, 2265, 2274, 2304,
8220, 6889, 5146, 3962, 3029, 2910, 2975, 2793, 2544, 2429, 2288, 2176, 2011, 2144, 2035, 1979, 1988, 2124, 2066, 2200, 2201, 2271, 2220, 2265, 2274, 2304,
8220, 6889, 5146, 3962, 3029, 2910, 2975, 2793, 2544, 2429, 2288, 2176, 2011, 2144, 2035, 1979, 1988, 2124, 2066, 2200, 2201, 2271, 2220, 2265, 2274, 2304,
2127, 2239, 2320, 2451, 2754, 2907, 2881, 2797, 2564, 2528, 2183, 1876, 1534, 1309, 1120, 1068, 946, 865, 810, 712, 741, 725, 784, 709, 690, 647, 637, 586,
2127, 2239, 2320, 2451, 2754, 2907, 2881, 2797, 2564, 2528, 2183, 1876, 1534, 1309, 1120, 1068, 946, 865, 810, 712, 741, 725, 784, 709, 690, 647, 637, 586,
2127, 2239, 2320, 2451, 2754, 2907, 2881, 2797, 2564, 2528, 2183, 1876, 1534, 1309, 1120, 1068, 946, 865, 810, 712, 741, 725, 784, 709, 690, 647, 637, 586,
556, 511, 476, 499, 443, 426, 461, 514, 573, 572, 644, 555, 491, 441, 361, 299, 153, 92, 70, 55, 35, 27, 18, 10, 12, 6, 0,
556, 511, 476, 499, 443, 426, 461, 514, 573, 572, 644, 555, 491, 441, 361, 299, 153, 92, 70, 55, 35, 27, 18, 10, 12, 6, 0,
556, 511, 476, 499, 443, 426, 461, 514, 573, 572, 644, 555, 491, 441, 361, 299, 153, 92, 70, 55, 35, 27, 18, 10, 12, 6, 0,

Conclusion: In this problem the mutex lock makes no difference. (Deleted all non-zero values in the above three histogram array representations)

